0.01
1.0
100.0
1000
1.0 0.569936 0.522887 0.811341 0.010245 0.006100 0.015219
1.0 0.827595 -0.815621 -0.677391 0.029622 0.043067 0.038008
1.0 0.830716 0.438104 -0.696905 -0.003683 -0.030341 -0.038332
1.0 -0.163782 0.890600 0.600603 -0.011300 0.022812 0.007858
1.0 0.557527 -0.973614 -0.115593 0.048547 0.047583 -0.007315
1.0 -0.767265 0.224616 0.178853 0.002299 0.039279 -0.015755
1.0 0.451733 -0.405608 0.798082 0.003325 -0.014121 -0.020218
1.0 -0.185546 0.602956 0.498323 -0.030717 0.005595 -0.000273
1.0 -0.753830 0.517341 -0.734980 -0.038397 0.013951 -0.019310
1.0 0.800840 0.265441 -0.890924 0.030270 -0.041760 0.011969
1.0 0.160090 0.839487 -0.511314 -0.045276 -0.029141 0.039930
1.0 -0.112192 0.444453 0.970137 0.021388 -0.013536 -0.000516
1.0 -0.451600 0.266152 -0.545155 0.030924 -0.017074 0.030848
1.0 0.563301 0.624579 -0.769237 -0.013547 -0.021993 0.004732
1.0 0.815192 -0.217759 0.446377 0.047135 0.024849 -0.032854
1.0 0.408486 0.248865 -0.395796 -0.040056 -0.002518 -0.016050
1.0 0.511905 0.531573 0.723332 -0.034602 0.016604 0.041942
1.0 -0.825469 0.745122 0.656809 -0.027082 -0.022144 -0.012506
1.0 0.366805 -0.189475 0.982388 0.035612 -0.027540 -0.031700
1.0 -0.196160 0.861158 0.015106 -0.046728 -0.040476 -0.002944
1.0 -0.018845 0.375940 0.064342 0.008366 -0.001608 -0.040461
1.0 -0.361427 -0.537301 -0.021284 -0.038280 -0.040194 -0.003108
1.0 0.368327 0.286239 -0.153896 0.021875 -0.048769 0.018260
1.0 -0.608496 0.320578 0.641329 0.021149 -0.015460 0.031232
1.0 -0.342941 0.052688 -0.809784 0.021880 0.020524 0.017844
1.0 -0.240278 0.529686 -0.864425 0.021788 0.029712 0.046299
1.0 0.626178 0.299240 0.751489 -0.048165 -0.031606 -0.017787
1.0 -0.092396 0.765015 0.838511 -0.044140 0.039833 -0.012063
1.0 0.484527 0.115510 0.937713 0.013451 0.008566 -0.030793
1.0 -0.855181 -0.251539 -0.801660 -0.043073 -0.049432 -0.006290
1.0 0.253916 0.850725 0.488082 -0.016352 0.045042 0.030327
1.0 0.672098 0.624704 0.868581 0.025555 0.020921 0.022076
1.0 0.911048 0.719026 0.484969 -0.040444 0.010366 -0.031774
1.0 -0.033265 -0.994656 0.356676 -0.023105 0.034466 0.036816
1.0 0.043845 0.338145 -0.814772 0.014818 -0.018225 0.032515
1.0 -0.302738 -0.796530 -0.199235 -0.033161 0.045200 -0.014305
1.0 -0.098751 0.497751 -0.092424 -0.022327 -0.035077 -0.004664
1.0 -0.457087 0.477727 -0.823822 -0.002379 -0.042036 -0.001766
1.0 -0.430050 -0.855112 -0.651857 -0.004395 0.005632 -0.030662
1.0 0.389444 -0.030534 -0.606723 0.037116 -0.018043 -0.005255
1.0 -0.002977 0.824365 -0.579353 -0.035402 -0.034942 -0.019499
1.0 0.643820 0.339126 0.277340 0.018533 0.013339 0.039428
1.0 -0.463945 -0.218581 -0.887569 -0.046290 0.020990 0.014649
1.0 -0.762479 -0.617567 0.688191 0.015676 -0.045205 0.040244
1.0 -0.045345 0.727430 -0.324587 -0.015876 -0.011807 -0.008640
1.0 0.064582 -0.209616 0.521590 -0.048823 0.041457 -0.002764
1.0 0.359598 -0.373803 0.971144 -0.007482 0.040269 -0.002632
1.0 0.861560 0.090714 -0.762806 0.048681 0.014173 -0.001307
1.0 0.730198 0.357652 -0.020611 0.010208 -0.029079 -0.039674
1.0 -0.911664 0.003921 0.179424 0.048729 -0.027168 0.002546
1.0 0.866735 0.717641 0.375883 0.033817 0.016751 -0.030161
1.0 -0.200193 -0.753320 -0.720167 -0.024173 0.029866 -0.013046
1.0 -0.533828 0.991208 -0.652520 0.046659 0.000716 -0.005891
1.0 0.312219 0.223478 -0.375603 0.010445 0.041123 0.048534
1.0 0.685551 0.900473 -0.669247 -0.043910 -0.014720 0.010422
1.0 -0.128061 0.064389 -0.330258 0.014858 -0.033989 -0.034089
1.0 -0.441068 -0.200710 -0.101162 0.027828 -0.039122 0.017725
1.0 -0.414107 -0.501458 0.058708 0.006684 -0.044297 0.006960
1.0 0.055895 -0.536124 0.130652 -0.004355 0.034840 -0.033302
1.0 0.150052 0.225352 0.666032 0.038749 -0.049096 0.037557
1.0 0.864132 -0.049619 -0.586878 -0.021119 0.041229 0.010393
1.0 -0.179008 -0.756902 -0.862168 0.044481 -0.035665 -0.003800
1.0 -0.061267 0.397054 0.385280 -0.047815 -0.029953 0.004541
1.0 -0.223673 0.994412 0.867174 0.002897 -0.028364 -0.048809
1.0 0.968848 0.922838 -0.716489 -0.001255 0.031135 0.010307
1.0 0.747248 -0.392577 0.161345 0.028881 -0.029096 -0.006402
1.0 0.978402 -0.158594 -0.639840 -0.000135 0.030321 0.003262
1.0 -0.024078 0.617045 -0.616638 -0.010488 0.010165 0.048952
1.0 0.833183 -0.789545 -0.782608 0.016327 0.042921 -0.027335
1.0 -0.282671 -0.017807 -0.499955 0.015463 0.047735 -0.008648
1.0 -0.898450 -0.962017 0.280830 -0.018233 -0.033481 0.027194
1.0 0.095147 -0.675688 -0.025986 -0.049555 0.041377 -0.019075
1.0 0.259511 0.861285 0.352153 -0.000542 -0.010885 0.033998
1.0 -0.726235 -0.803486 -0.442673 0.028827 0.003427 -0.009393
1.0 -0.212618 0.592172 -0.855907 0.048819 -0.039958 0.011524
1.0 -0.146964 -0.488855 -0.931099 0.010739 -0.024085 -0.018980
1.0 -0.404912 -0.725510 -0.700714 -0.045851 -0.042323 0.004268
1.0 0.943752 0.441625 0.710149 0.045408 0.033536 -0.002975
1.0 -0.818655 0.975372 -0.179336 0.029350 0.042382 0.025832
1.0 0.274581 0.365497 0.530551 0.021989 -0.029648 0.005309
1.0 0.910670 0.399790 0.518772 -0.013351 -0.011142 -0.045175
1.0 0.075353 0.744234 -0.190431 -0.038249 0.019078 0.042711
1.0 0.611901 -0.696372 0.583979 0.021241 -0.015429 0.015402
1.0 -0.145697 -0.279977 0.533615 0.027845 -0.016823 -0.028872
1.0 -0.973730 0.267951 -0.910203 -0.008705 0.044744 0.035119
1.0 0.218281 0.493394 0.550231 -0.009016 0.036235 -0.038003
1.0 0.985994 -0.889955 -0.074353 -0.041837 -0.031720 -0.040629
1.0 -0.638759 0.283876 -0.431430 -0.004765 0.020430 0.000683
1.0 -0.944403 0.922703 -0.073604 0.006640 -0.034303 0.045220
1.0 0.634190 0.690412 -0.446950 0.043632 0.029977 -0.016072
1.0 -0.866619 -0.631205 -0.335516 -0.046537 0.021793 0.003582
1.0 0.484589 0.172830 -0.793022 0.032930 0.037127 0.046122
1.0 -0.431748 -0.315873 -0.688985 0.048615 0.022800 0.017432
1.0 0.514997 0.223805 -0.270554 -0.041524 0.036245 0.000411
1.0 -0.615864 0.088186 -0.743682 0.021377 0.017950 0.032927
1.0 -0.467959 -0.204814 0.081125 -0.041845 -0.049796 0.020209
1.0 -0.587373 0.537644 0.577892 -0.000687 0.037110 0.049947
1.0 -0.574780 -0.542128 -0.816533 0.008393 -0.014688 0.031430
1.0 -0.141367 -0.444337 0.941323 -0.015898 0.025354 -0.025338
1.0 0.709291 0.119429 0.810932 -0.035669 0.039934 -0.012387
1.0 0.229345 -0.901372 -0.760333 0.007627 -0.026450 -0.009567
1.0 0.458178 -0.778092 0.024874 -0.013558 -0.045163 0.020108
1.0 0.442306 0.179536 -0.371987 -0.023883 0.047276 -0.001847
1.0 0.908731 -0.069012 -0.229150 0.039599 0.024208 -0.044603
1.0 -0.296050 -0.442559 -0.380756 0.003887 -0.007461 -0.048679
1.0 -0.142690 -0.035206 -0.686880 -0.014428 0.024171 0.029528
1.0 0.352667 0.840060 -0.425152 0.049023 0.009883 0.047434
1.0 -0.674384 0.178031 -0.816976 -0.043795 -0.017125 -0.025783
1.0 -0.472099 -0.300222 0.523756 -0.005905 0.012663 0.019313
1.0 0.114448 -0.904816 -0.554083 0.049786 0.010031 0.028903
1.0 -0.255954 0.412687 -0.808749 0.023371 0.028933 0.012417
1.0 -0.768275 0.896505 0.075127 0.019910 -0.035839 -0.006358
1.0 -0.415742 -0.438988 0.780302 0.044961 -0.043476 -0.031211
1.0 0.824699 -0.250285 -0.050164 -0.022773 0.018268 0.029268
1.0 0.166622 0.218903 -0.204956 0.002723 0.027557 -0.018161
1.0 -0.265064 0.026732 0.494645 0.014403 -0.023094 -0.039786
1.0 -0.954313 0.539153 -0.683126 -0.035675 0.021215 -0.019589
1.0 0.023418 0.411352 -0.620241 -0.035708 -0.007932 0.040300
1.0 -0.475610 0.655189 0.732663 0.015802 0.035453 0.012042
1.0 0.028274 -0.842078 0.200168 0.018503 -0.024745 0.027654
1.0 -0.104679 0.005320 -0.964890 0.038449 -0.038013 -0.014025
1.0 0.152962 0.520619 -0.751914 -0.031134 -0.041329 -0.019946
1.0 -0.185429 -0.229582 -0.487827 0.020944 -0.020373 -0.049709
1.0 -0.320824 0.569911 -0.358590 0.043173 -0.019965 -0.012223
1.0 -0.279103 -0.687606 0.793007 0.030745 0.044528 -0.002101
1.0 -0.016639 0.370710 0.939092 0.048864 -0.025293 0.023043
1.0 -0.554060 -0.375292 -0.234938 -0.048799 -0.036590 -0.011348
1.0 0.590188 0.807858 -0.943642 0.029864 -0.014723 0.020549
1.0 -0.555163 -0.416443 -0.413774 -0.045456 0.033116 0.021438
1.0 -0.047370 -0.577125 0.892322 -0.011393 0.041676 0.040900
1.0 -0.682923 -0.860733 0.239215 0.049665 -0.035322 -0.012769
1.0 0.092514 0.322681 -0.772400 0.045467 -0.043782 -0.031105
1.0 -0.297612 0.640466 -0.548222 -0.003173 -0.022178 -0.049583
1.0 -0.647665 0.519051 -0.663198 -0.001030 -0.008705 -0.041531
1.0 0.529592 -0.133485 -0.577841 0.026191 -0.000257 0.004817
1.0 0.647848 0.800217 0.911050 -0.022347 0.011264 0.035525
1.0 -0.870371 0.476976 -0.238964 0.045076 -0.010008 0.005512
1.0 0.316411 -0.775893 0.591386 -0.012023 -0.013387 0.004275
1.0 0.385260 0.623260 0.940911 0.041413 0.030216 0.047576
1.0 0.703357 -0.673381 0.977393 -0.043191 0.005089 -0.043655
1.0 -0.203813 0.379823 -0.395139 -0.001223 -0.039819 -0.048639
1.0 0.809312 0.604467 -0.626384 -0.008307 0.010271 -0.038835
1.0 0.423756 -0.433983 0.572511 -0.046129 -0.005830 -0.034012
1.0 -0.023099 -0.678417 -0.316931 -0.042051 0.017308 0.038057
1.0 0.504353 -0.776033 -0.813672 0.002648 0.047435 0.001303
1.0 -0.483726 0.215176 0.957541 -0.047577 0.040524 0.012278
1.0 0.440539 -0.073742 0.295382 -0.040213 0.017463 0.046333
1.0 0.499781 0.519569 -0.070729 0.028727 0.011827 -0.009931
1.0 -0.431447 -0.439030 -0.251104 0.024229 0.027301 0.028777
1.0 0.265194 -0.837695 -0.703234 -0.002086 -0.048007 -0.028701
1.0 -0.340371 0.700506 0.125257 -0.003029 -0.048583 -0.020285
1.0 -0.964775 -0.603134 0.075182 -0.021161 -0.010721 0.007753
1.0 -0.768829 -0.433515 0.840325 -0.014483 0.015748 -0.014992
1.0 0.238995 0.462764 0.908544 0.015184 0.026343 -0.005742
1.0 -0.936029 -0.074831 -0.483157 -0.048798 0.027665 0.039802
1.0 -0.334729 0.949788 0.165991 0.002455 -0.017135 0.029182
1.0 0.513156 0.203635 0.689468 -0.017642 -0.017338 -0.002595
1.0 -0.558571 0.140977 -0.756888 0.015614 -0.002246 -0.018430
1.0 0.515331 -0.301256 0.638919 0.046477 0.037444 0.023822
1.0 -0.797151 -0.408010 0.761453 -0.020712 0.039598 -0.015842
1.0 -0.183683 0.212062 -0.253832 0.040061 -0.038156 -0.010237
1.0 -0.565822 0.330098 0.652302 -0.038213 -0.022565 0.031175
1.0 -0.638168 0.923980 -0.624102 -0.000037 0.043615 0.038876
1.0 0.033681 -0.571198 0.903038 -0.014084 0.013404 -0.001902
1.0 -0.166818 -0.571624 0.842126 0.034237 0.046666 -0.043694
1.0 -0.611063 0.660824 0.467779 -0.009797 -0.013792 -0.007935
1.0 0.103594 0.193318 0.188849 0.030637 0.020966 -0.042571
1.0 0.052415 0.199957 0.956248 -0.000027 -0.024310 -0.010604
1.0 0.107029 0.469918 -0.416088 0.026601 0.032762 -0.043289
1.0 -0.932449 0.437308 -0.022779 -0.004918 -0.039177 0.032280
1.0 0.226169 -0.102983 -0.923572 0.042202 0.022191 -0.005094
1.0 0.040749 0.312674 0.379651 -0.043856 -0.017502 0.029268
1.0 -0.613603 0.210907 0.126772 0.004004 -0.006632 -0.004569
1.0 -0.457435 0.213938 -0.850790 0.046872 -0.005733 -0.008296
1.0 -0.197707 0.360797 -0.337573 -0.044178 -0.010675 -0.005386
1.0 -0.371764 0.359681 0.347760 -0.013466 -0.009895 0.046494
1.0 -0.406443 -0.190355 0.436555 -0.042344 0.030374 0.042326
1.0 0.302263 -0.170297 -0.182657 0.010211 0.012511 0.030877
1.0 -0.148365 0.180345 0.671463 -0.006663 0.039975 -0.023823
1.0 0.485869 -0.522869 -0.952992 0.019619 0.020121 -0.029071
1.0 -0.309425 -0.793126 0.536988 -0.037926 -0.031175 -0.018114
1.0 -0.332948 -0.954658 -0.242932 -0.029461 0.040132 -0.014958
1.0 -0.662564 -0.311829 -0.129267 -0.019146 0.012873 0.027024
1.0 0.110091 0.253277 -0.847250 -0.044204 0.031930 0.043969
1.0 0.795691 -0.112162 -0.857441 0.017728 -0.034167 -0.007288
1.0 0.216624 0.179896 -0.377865 -0.036404 0.027758 0.037787
1.0 -0.665649 -0.899682 0.214545 -0.026520 0.029567 0.040284
1.0 0.869069 0.111435 0.205274 -0.031020 -0.007886 -0.020962
1.0 0.519733 0.535369 -0.081168 -0.015175 0.029324 0.020479
1.0 -0.603683 -0.018749 -0.279063 -0.034005 0.016619 -0.045055
1.0 -0.726036 0.254270 -0.508476 0.025710 -0.009898 -0.041998
1.0 0.088343 0.324892 -0.289302 0.039819 0.001877 0.009005
1.0 -0.448337 -0.300661 -0.322437 0.007830 0.033387 0.000649
1.0 -0.670371 -0.057517 -0.824282 0.021107 -0.049978 -0.042421
1.0 -0.493304 0.698542 -0.242279 0.027344 0.015580 -0.033938
1.0 0.133081 0.874725 0.509480 -0.040366 0.001668 -0.006488
1.0 -0.589672 0.958054 0.007039 0.031573 -0.013516 0.007034
1.0 -0.229577 -0.329204 0.235867 -0.035598 -0.004511 -0.031584
1.0 -0.220799 -0.095432 0.771444 -0.030520 -0.036166 -0.045679
1.0 -0.090547 0.816809 -0.123438 -0.045533 -0.030516 0.001887
1.0 -0.022570 -0.748271 -0.092394 -0.047027 0.022485 0.037769
1.0 0.060339 0.986512 0.926890 0.012173 0.034128 -0.033018
1.0 0.199372 0.989113 0.147921 -0.048453 0.032957 0.024835
1.0 0.704378 -0.091388 -0.513330 0.049519 0.001776 -0.049779
1.0 -0.612865 0.927587 0.463305 0.049805 -0.025520 -0.002845
1.0 -0.847655 -0.991395 0.101683 0.015059 0.031661 0.034476
1.0 -0.914890 0.587634 0.252632 0.010438 -0.033837 -0.032296
1.0 -0.595417 -0.365371 -0.123115 -0.021228 -0.035445 0.043760
1.0 -0.368318 0.828247 0.509626 0.019060 0.018470 0.039474
1.0 0.325695 0.277554 -0.134167 0.023757 -0.042352 0.029726
1.0 0.675395 -0.004440 0.886986 0.027819 -0.024624 -0.011418
1.0 0.192451 -0.257765 -0.759303 0.029554 -0.028080 0.004596
1.0 -0.793520 -0.794993 0.736303 -0.005860 0.029913 -0.005553
1.0 -0.079508 0.434795 -0.059768 -0.039078 0.004761 -0.013542
1.0 0.986517 -0.064977 -0.436820 0.036483 -0.037949 -0.038703
1.0 -0.912764 -0.358008 -0.022896 -0.020841 0.049704 -0.008774
1.0 -0.598062 0.398841 -0.914034 0.027625 0.040876 0.006340
1.0 -0.324191 -0.623503 0.779975 0.002228 -0.020593 -0.040073
1.0 -0.355331 0.076140 0.608849 -0.023066 -0.014313 0.006758
1.0 0.515840 0.306308 -0.044383 0.036537 0.008274 -0.049848
1.0 -0.998890 0.714874 0.079156 -0.047597 -0.003982 0.024796
1.0 0.229597 0.635547 0.236763 0.026423 0.015275 0.014352
1.0 0.497661 -0.234697 0.717757 -0.017432 0.045228 -0.014816
1.0 0.446097 -0.483469 -0.996272 0.031195 -0.046423 0.006092
1.0 -0.370700 0.536557 -0.352656 -0.046408 0.001075 -0.033258
1.0 0.906943 0.431548 0.215677 -0.031966 -0.030015 -0.035310
1.0 0.153106 0.855516 -0.467767 0.021543 0.007522 0.012419
1.0 -0.380341 0.983655 -0.092789 -0.020982 0.012049 -0.013323
1.0 -0.046769 -0.296234 -0.103543 0.048898 -0.045572 0.012668
1.0 0.282738 0.836330 -0.409992 0.003237 -0.046036 0.029733
1.0 0.286928 0.523773 -0.703924 0.019640 0.006107 -0.021097
1.0 0.785181 0.555241 0.141642 0.046729 -0.036573 0.025539
1.0 -0.386598 -0.131489 0.336652 -0.038287 0.041032 0.025762
1.0 0.175471 -0.760102 -0.279493 0.023639 -0.030312 0.032168
1.0 0.918895 0.792314 -0.526395 0.042360 -0.005739 0.014399
1.0 0.282539 0.864764 -0.061791 -0.004902 -0.010529 -0.022875
1.0 0.924985 -0.442087 -0.698850 -0.039412 -0.010695 -0.031336
1.0 -0.807532 0.012871 0.753033 -0.028247 0.018564 0.004297
1.0 0.117759 -0.153107 0.665633 -0.013438 0.024859 0.041906
1.0 -0.847266 0.746539 0.167888 0.007212 -0.042176 -0.026405
1.0 0.619261 -0.373357 0.481969 -0.011513 0.037942 0.016205
1.0 0.196212 -0.965237 -0.455663 -0.036073 -0.038407 0.043428
1.0 -0.831215 0.574843 0.504129 -0.049818 0.024273 0.047997
1.0 -0.757973 -0.627272 -0.749853 0.025103 0.009493 -0.035085
1.0 0.122071 -0.363553 0.637646 0.035124 0.031401 -0.041135
1.0 -0.306249 -0.872934 -0.142672 0.017654 0.011509 -0.039703
1.0 0.763421 0.401924 0.123780 0.047701 0.037820 -0.025293
1.0 0.329494 0.612888 -0.942168 -0.049601 0.032113 -0.032163
1.0 -0.753543 -0.739989 -0.858523 0.004822 0.039268 -0.037575
1.0 -0.042818 0.556706 0.806585 0.028580 0.002429 -0.029675
1.0 -0.050473 -0.707045 0.977715 0.015173 -0.013713 0.030173
1.0 -0.504952 0.015335 0.667152 0.026621 -0.039251 0.001344
1.0 -0.805681 -0.355454 0.743044 -0.009417 0.006223 -0.039071
1.0 -0.731138 0.278176 0.330621 -0.044256 -0.041001 0.018411
1.0 0.878240 0.122096 -0.080808 0.030577 0.033916 0.020870
1.0 -0.561858 -0.953202 0.799333 -0.046680 -0.032057 0.046589
1.0 0.420306 -0.934859 -0.929647 -0.039502 0.021491 0.049445
1.0 -0.489790 0.481828 -0.773833 0.003544 -0.017496 -0.009857
1.0 -0.306989 -0.001638 0.709580 -0.036798 0.015887 0.026838
1.0 -0.667227 0.689627 -0.041268 -0.026786 0.047663 -0.024363
1.0 0.443672 -0.576933 0.639610 0.039160 0.007312 -0.041457
1.0 -0.943793 0.386460 -0.758457 0.021922 0.038939 0.037002
1.0 -0.171178 0.883357 -0.823395 0.012188 0.024318 -0.026300
1.0 -0.770063 -0.899408 -0.305396 -0.035602 0.025817 0.045560
1.0 0.460075 -0.772487 -0.991340 -0.002014 0.040394 0.012739
1.0 -0.064082 -0.264299 0.568397 0.024062 -0.001701 0.002367
1.0 0.079438 0.405347 -0.491040 -0.001061 0.044029 0.010510
1.0 -0.827763 0.759050 -0.533831 -0.026225 0.031916 0.017701
1.0 0.843101 0.336992 0.849595 0.026671 0.005796 0.021724
1.0 0.212124 -0.462891 -0.011255 -0.003325 -0.005717 0.034213
1.0 -0.531105 -0.105049 0.089370 0.027795 0.036824 -0.046119
1.0 0.899484 -0.869589 0.666348 -0.016797 -0.038056 0.001158
1.0 0.143395 -0.521875 -0.756328 0.028200 0.006441 -0.004637
1.0 0.635734 -0.823362 -0.590663 -0.045721 -0.022609 0.020710
1.0 -0.882791 0.758177 0.156066 0.034335 -0.008892 0.024772
1.0 0.502835 -0.171615 0.798723 0.001064 -0.011793 -0.008875
1.0 0.896290 0.931616 0.957859 0.003981 0.000304 -0.038440
1.0 0.964952 -0.208992 0.895019 0.001068 0.043639 0.048094
1.0 0.491977 -0.057830 0.129903 0.008681 -0.004559 0.000879
1.0 0.604239 0.760702 0.117777 -0.020758 0.026222 -0.038036
1.0 0.452345 0.163606 0.499339 0.004300 -0.021577 -0.020191
1.0 -0.570644 -0.421739 0.756995 -0.022493 0.041392 -0.011112
1.0 -0.061066 -0.671697 -0.176130 0.035312 -0.046326 -0.007245
1.0 -0.262274 0.254930 0.699555 0.040976 0.033482 0.042438
1.0 -0.080378 0.591708 0.097394 -0.030888 0.006635 -0.003180
1.0 0.325798 -0.243195 0.636699 -0.019113 -0.046995 0.016638
1.0 0.445229 -0.519671 -0.951078 -0.012273 -0.026354 -0.041520
1.0 -0.370167 -0.616513 -0.946558 -0.022923 0.049286 0.015530
1.0 0.236268 -0.617494 -0.853195 0.020335 0.006170 0.028786
1.0 -0.648934 0.474540 0.927675 -0.026206 -0.012863 -0.004547
1.0 0.428758 0.278407 -0.992441 -0.042435 -0.000097 -0.045849
1.0 0.774231 0.052981 -0.025323 -0.049089 0.023361 0.016059
1.0 0.829459 0.878501 -0.860381 -0.043715 0.000243 0.020588
1.0 0.403494 0.256651 -0.717912 -0.016140 0.026190 0.036923
1.0 0.986393 -0.518963 0.507554 0.031533 0.017261 -0.015244
1.0 0.089449 0.639692 -0.918739 -0.027534 0.044015 0.016240
1.0 -0.144098 0.577114 0.211694 0.031961 0.036052 -0.016518
1.0 0.142722 -0.325696 0.691341 -0.022676 -0.016879 -0.039248
1.0 -0.246995 0.175100 -0.073080 -0.016147 0.046355 -0.020980
1.0 -0.626202 -0.805412 -0.334902 0.023534 0.039191 -0.007117
1.0 0.308743 -0.757758 0.510834 -0.023357 0.019714 0.003882
1.0 -0.631643 0.265489 -0.530373 -0.048128 0.032648 -0.017276
1.0 0.714293 0.175240 0.748335 0.018661 0.005102 0.032266
1.0 -0.035356 0.230336 -0.414292 -0.015307 -0.037483 0.038937
1.0 0.730800 -0.988464 -0.943815 0.024414 0.018337 0.022304
1.0 0.740367 0.362230 -0.557814 0.047804 0.009263 0.010989
1.0 0.001352 0.295937 -0.454647 0.021404 -0.022442 -0.005473
1.0 0.222414 0.188973 0.368824 0.031477 0.016576 -0.034598
1.0 0.536649 0.897401 -0.828244 0.016789 0.037005 -0.023074
1.0 0.087366 0.647561 0.709145 -0.024538 -0.046217 -0.042504
1.0 -0.373723 0.136513 0.295258 0.005256 -0.011983 -0.012551
1.0 -0.024012 -0.780972 0.536171 -0.023913 0.016565 0.029497
1.0 0.716956 0.689610 -0.334240 0.049726 -0.012806 0.043490
1.0 0.462679 0.691221 -0.186656 0.035279 -0.039871 0.008820
1.0 -0.774499 0.208332 -0.869982 0.019158 0.035697 0.033865
1.0 -0.724851 0.568196 0.291553 -0.037787 -0.017176 0.031365
1.0 0.682657 -0.805929 -0.462773 0.010225 0.007903 0.049469
1.0 0.077794 -0.176319 0.168132 0.003298 -0.049039 -0.021506
1.0 -0.210716 -0.460254 -0.659810 -0.039239 -0.004985 -0.029444
1.0 0.685490 0.670762 -0.473313 0.032938 0.034075 0.018812
1.0 0.919333 -0.434939 0.344022 -0.029185 -0.032198 0.013459
1.0 -0.713333 -0.224146 0.425703 0.006215 0.009023 -0.016408
1.0 -0.600347 0.027628 -0.189022 0.025868 0.012225 -0.003355
1.0 0.499584 -0.493705 0.806976 -0.044965 0.021004 0.037756
1.0 -0.166468 -0.079943 -0.761258 -0.033986 0.008666 0.001506
1.0 0.423815 -0.996416 0.741628 0.031449 -0.005132 -0.013797
1.0 0.423296 0.119070 0.023589 -0.003206 0.027646 -0.036709
1.0 -0.440279 0.033115 -0.532872 -0.039179 0.039782 0.022348
1.0 0.585759 0.452518 0.139403 0.012361 0.011070 -0.046790
1.0 -0.363684 -0.128520 -0.336770 0.049215 -0.034571 0.011778
1.0 -0.556963 0.115537 0.053840 -0.017237 -0.048404 -0.019500
1.0 0.976531 -0.084669 -0.153702 0.042612 0.000178 0.038477
1.0 0.967732 0.344354 -0.606121 0.042467 0.028819 0.039688
1.0 0.167856 -0.315795 0.680643 0.019110 -0.030804 0.012200
1.0 -0.057843 -0.826324 -0.645678 0.027677 0.009671 0.049048
1.0 0.361837 0.852305 -0.389043 -0.030093 0.048492 0.026440
1.0 -0.952323 -0.757644 -0.275685 -0.039046 0.046878 -0.031302
1.0 -0.910646 0.890851 -0.776161 -0.007395 0.009788 0.026784
1.0 0.098567 -0.332302 -0.780602 0.009958 -0.038947 -0.016893
1.0 -0.489975 -0.956096 0.312382 0.042409 0.036035 -0.016679
1.0 -0.300956 0.107153 0.010322 0.018488 0.035038 -0.033651
1.0 0.944856 0.588076 -0.455336 0.018279 0.004228 -0.030686
1.0 -0.463436 0.766340 0.678015 0.012165 -0.038904 0.005733
1.0 0.142944 -0.530555 -0.881606 -0.021670 -0.011962 0.023876
1.0 0.659443 0.371294 0.549330 0.038275 0.045029 0.014559
1.0 0.506961 -0.308677 -0.575827 -0.039869 -0.009690 0.006578
1.0 0.326332 -0.312018 -0.252966 -0.010603 0.046924 -0.033884
1.0 0.393453 0.061783 0.078871 -0.001894 -0.009337 -0.044310
1.0 -0.271053 -0.390948 -0.272561 -0.049628 0.018541 -0.017248
1.0 -0.896997 0.860818 -0.476021 -0.047567 0.003575 -0.007819
1.0 -0.623579 0.499218 -0.642968 -0.039398 -0.047959 0.004454
1.0 0.784415 0.324867 0.947983 -0.037308 0.026629 0.032429
1.0 -0.367103 -0.051999 -0.675017 0.024943 -0.009737 0.013336
1.0 0.208610 -0.918291 0.064500 0.023569 0.042501 0.000521
1.0 0.782184 0.078142 -0.889962 -0.047809 -0.023994 0.017010
1.0 -0.727002 -0.016925 -0.201909 -0.007350 -0.031563 -0.030647
1.0 0.012606 -0.498381 -0.164221 -0.013847 -0.026750 -0.023470
1.0 -0.277405 0.998448 0.235505 -0.011292 -0.049420 0.048061
1.0 0.694183 0.711692 0.869119 0.043688 -0.006420 -0.024104
1.0 0.152573 -0.525635 0.153274 0.023616 -0.036793 0.004055
1.0 0.274815 -0.107140 -0.519143 -0.025409 0.047528 0.046018
1.0 -0.878474 -0.523732 0.324305 0.006036 0.001513 -0.040195
1.0 0.538575 -0.877497 -0.852618 -0.032059 0.003187 0.042018
1.0 -0.783819 -0.838451 -0.887593 0.018905 0.011493 0.028880
1.0 0.765434 -0.157680 -0.466174 0.015242 -0.048662 0.018899
1.0 0.956885 0.924447 0.130835 -0.025946 -0.011414 0.016468
1.0 -0.389065 -0.071475 -0.810428 0.030141 -0.046484 -0.001554
1.0 -0.374459 0.697913 -0.275297 0.049806 -0.043504 0.017639
1.0 0.641135 -0.494805 -0.335552 0.002155 -0.021946 0.016664
1.0 0.374730 0.741812 -0.196300 0.034550 0.031904 -0.014182
1.0 -0.208354 0.580662 0.491573 -0.036702 -0.030916 -0.047171
1.0 0.020899 0.339554 -0.978733 -0.006136 -0.005096 0.047952
1.0 -0.113252 -0.392234 0.566888 0.040367 -0.032969 -0.037152
1.0 -0.423903 0.491637 -0.116138 -0.006596 -0.035102 0.026733
1.0 0.034256 0.965682 0.548822 -0.012772 0.046840 -0.028039
1.0 -0.390058 -0.204318 -0.138978 -0.022223 -0.033483 -0.045912
1.0 0.316934 -0.600156 0.173069 -0.023390 0.048439 -0.035780
1.0 0.487336 -0.711498 -0.543340 0.013988 -0.044127 -0.019299
1.0 -0.386470 -0.951281 0.114139 0.009121 0.010957 -0.044392
1.0 0.739937 -0.125392 -0.408839 -0.035220 0.011265 -0.004395
1.0 -0.877350 -0.603027 0.567762 -0.027519 0.034536 0.027230
1.0 0.158014 -0.909516 -0.997547 -0.023830 0.008153 0.012887
1.0 -0.688066 0.361368 0.759454 0.023944 -0.018247 0.014663
1.0 0.006389 0.333867 -0.266590 -0.022953 -0.046044 0.046209
1.0 -0.090316 -0.810276 0.846142 -0.005089 0.041914 0.024637
1.0 -0.842545 -0.840138 -0.535861 -0.009309 -0.010560 0.005117
1.0 -0.350598 -0.963165 0.468220 0.027495 -0.041101 0.024926
1.0 0.430099 -0.447544 -0.805806 -0.010214 0.013375 0.046896
1.0 0.357708 0.081790 -0.139030 -0.036738 0.027258 -0.036044
1.0 -0.776097 0.903793 -0.978977 -0.026920 0.045596 0.049575
1.0 -0.458113 0.012951 -0.485617 0.029001 0.045617 0.006369
1.0 0.779046 0.211251 -0.440050 0.034601 0.046153 -0.021177
1.0 -0.820989 0.757253 0.813996 -0.002825 0.043027 -0.020020
1.0 0.491475 -0.899015 0.805686 -0.005517 -0.033924 -0.029575
1.0 0.161583 0.626231 0.097795 -0.020416 -0.044700 0.015372
1.0 -0.147055 0.766811 0.127625 -0.021388 0.032081 0.010400
1.0 0.111720 -0.586847 -0.213475 0.042040 0.043883 0.004793
1.0 0.612500 0.089667 0.058952 -0.004440 -0.018080 -0.020402
1.0 0.387596 -0.608778 -0.052794 0.030105 -0.018686 0.044615
1.0 0.619099 0.090178 -0.201621 -0.042424 0.005811 0.031197
1.0 0.206404 -0.695693 -0.244383 -0.001295 -0.006856 0.028577
1.0 -0.357243 -0.862473 -0.832561 0.025768 0.012080 0.028162
1.0 0.696091 -0.426811 0.603416 -0.020501 -0.036500 -0.008384
1.0 0.918636 -0.119479 -0.440504 0.029269 -0.002408 0.034358
1.0 0.097807 -0.159786 0.649967 -0.009958 -0.019236 -0.041307
1.0 -0.795862 0.477283 -0.848137 -0.016834 0.049876 0.037063
1.0 0.348511 -0.093263 0.214087 -0.024663 0.026699 0.043668
1.0 0.054927 0.977686 0.995913 0.002668 0.002433 -0.049176
1.0 -0.465641 0.411773 -0.254714 0.026681 0.043101 0.019785
1.0 0.898435 0.173149 -0.756766 -0.023205 -0.041516 -0.009057
1.0 0.364766 0.990426 -0.948983 0.006651 0.042107 -0.008503
1.0 0.304251 -0.742454 -0.564944 0.037124 -0.039977 -0.012794
1.0 0.423726 0.614281 -0.541298 -0.026280 -0.003352 0.015592
1.0 -0.585412 -0.578975 -0.277334 -0.042050 -0.016828 0.007592
1.0 -0.507316 -0.702244 0.310474 -0.020665 0.044485 0.026579
1.0 -0.731944 0.440129 0.396947 -0.031459 0.002015 -0.043265
1.0 -0.759331 0.591618 0.221293 0.011085 0.028912 -0.030290
1.0 0.204040 0.948987 -0.313875 0.021505 0.007986 -0.019589
1.0 -0.909687 -0.020217 -0.082782 0.017830 -0.014344 0.044893
1.0 -0.745961 0.504994 -0.848969 -0.040618 0.040729 0.011800
1.0 -0.241329 0.488387 -0.042767 0.005405 -0.020150 0.029250
1.0 0.069440 -0.583438 0.068427 -0.029601 -0.013683 -0.010691
1.0 -0.317466 -0.268863 -0.612583 -0.047350 -0.043278 -0.013105
1.0 0.704379 0.169716 0.643079 0.019118 -0.013228 0.018902
1.0 0.225856 0.715469 0.700499 0.039537 -0.001025 -0.039242
1.0 0.655474 0.993216 0.691851 -0.025574 0.048108 0.042185
1.0 -0.100388 0.370404 0.716915 0.009406 -0.038922 0.031364
1.0 -0.598213 0.003174 -0.388175 -0.044104 -0.026045 0.004198
1.0 -0.164054 0.929398 0.766348 0.039766 -0.006361 -0.000051
1.0 0.435322 -0.864178 0.977211 0.047376 -0.044820 -0.020779
1.0 -0.935054 0.603383 0.659630 -0.023312 0.010171 0.036935
1.0 -0.901328 -0.908878 -0.190401 0.000802 -0.042050 0.023709
1.0 -0.043901 -0.951202 0.323031 0.029860 0.049725 -0.007412
1.0 -0.717132 0.579200 -0.771194 -0.039968 0.002329 0.039896
1.0 0.136787 -0.778747 -0.198961 -0.046987 -0.022856 0.045329
1.0 -0.490610 -0.783074 -0.337958 -0.030532 -0.039263 -0.028753
1.0 0.065142 -0.668564 0.723099 0.020186 0.005067 -0.008317
1.0 0.445320 -0.042959 -0.811138 0.003746 -0.019457 -0.041845
1.0 0.596730 -0.956579 0.737353 0.010196 0.012292 0.018846
1.0 0.082918 -0.630026 0.649462 -0.042221 -0.031246 0.014720
1.0 0.116140 0.829909 0.599874 -0.047462 -0.016646 -0.045685
1.0 0.642815 0.037066 -0.294289 0.030320 0.038179 0.009115
1.0 -0.836993 -0.295885 0.644616 0.012129 0.004226 0.017638
1.0 0.052037 0.426813 0.854661 0.043790 -0.018934 -0.009412
1.0 0.469341 -0.223816 0.659183 0.006873 0.036014 -0.040725
1.0 -0.189541 0.570121 -0.317162 -0.048699 -0.024686 -0.036512
1.0 0.913535 -0.297515 -0.031425 0.030652 -0.029198 0.046819
1.0 0.233784 0.664850 0.997504 0.025699 -0.018880 0.008942
1.0 0.010854 0.784221 0.142214 -0.012384 0.036838 0.016517
1.0 -0.121488 0.968090 -0.426716 0.028042 -0.037254 0.028214
1.0 0.666967 0.872745 -0.708184 -0.005627 0.035565 -0.008839
1.0 0.054743 -0.368171 0.618020 0.033633 0.013837 -0.029582
1.0 -0.204556 0.465033 0.135974 0.046976 0.034555 -0.037605
1.0 0.475675 0.632943 0.663296 -0.026482 0.020167 -0.018538
1.0 0.875823 -0.190432 0.221036 0.045338 -0.005143 0.016800
1.0 -0.920508 0.763093 0.027037 0.020978 0.049944 -0.049184
1.0 0.762115 -0.217243 -0.574842 0.019485 -0.030274 0.022200
1.0 0.425015 0.300757 -0.417290 0.036160 -0.017361 -0.008848
1.0 -0.920565 -0.603524 -0.118804 -0.012721 0.048177 0.047535
1.0 0.282459 0.468464 -0.346578 -0.003724 0.000871 -0.035276
1.0 -0.946979 0.313321 -0.079909 -0.041828 -0.008273 -0.012775
1.0 0.128015 0.581268 -0.500115 0.042013 0.007754 0.012369
1.0 0.685635 0.150549 -0.523678 0.045311 -0.044123 0.038478
1.0 0.710549 -0.041833 -0.886783 -0.017576 0.034468 -0.030178
1.0 -0.268028 0.227531 -0.434186 -0.037779 0.000470 0.029194
1.0 0.009700 -0.465891 -0.556796 0.010427 0.003808 0.033250
1.0 -0.461380 -0.350827 0.886349 0.029930 0.028527 0.030244
1.0 0.143772 -0.707933 -0.127268 0.048595 0.039097 -0.007554
1.0 0.130620 -0.035380 -0.949823 0.000867 0.005355 -0.011802
1.0 0.479013 0.139926 -0.235392 0.016640 -0.007798 -0.039432
1.0 0.722528 0.604491 0.301869 0.022760 0.034557 -0.014238
1.0 0.675298 0.937613 -0.975383 -0.041466 -0.023782 -0.044061
1.0 -0.153707 0.381347 -0.189785 -0.008866 -0.049919 0.017019
1.0 -0.937553 -0.439263 -0.568540 0.038253 0.010442 -0.003145
1.0 -0.379726 0.890746 0.895185 0.018283 0.041921 0.038574
1.0 -0.420199 -0.176437 -0.496576 -0.013457 -0.036627 -0.016547
1.0 0.955739 0.680287 -0.945620 0.004701 -0.005269 0.017216
1.0 -0.944688 -0.359765 0.617403 -0.045101 -0.007578 0.031312
1.0 -0.765301 -0.088206 0.528288 -0.001068 -0.043143 0.030562
1.0 0.003033 -0.074286 -0.675188 0.032331 0.007943 -0.029090
1.0 0.741952 -0.761742 0.776058 0.048994 0.002059 -0.039744
1.0 -0.619405 -0.682728 -0.178960 -0.036542 -0.032932 -0.042329
1.0 0.276946 -0.894615 -0.934468 0.029047 0.000729 0.015933
1.0 0.383779 0.633150 0.489237 -0.002162 -0.028438 0.011312
1.0 0.382200 0.079024 0.320636 -0.012299 -0.047760 -0.000962
1.0 0.841841 0.484670 0.396773 -0.004007 0.039692 0.027525
1.0 0.540630 -0.335583 -0.807362 -0.007752 -0.014268 0.037072
1.0 -0.029566 0.109533 -0.905460 0.001184 0.032307 -0.045871
1.0 0.825911 -0.009149 0.399888 -0.034901 0.014839 0.025897
1.0 -0.251844 0.092923 -0.059745 -0.037125 0.005562 -0.008346
1.0 0.893142 0.792501 -0.074522 -0.030799 -0.008767 0.013298
1.0 -0.829007 0.848485 0.548535 -0.043037 -0.043071 -0.011207
1.0 -0.801362 0.037139 0.701167 -0.024083 0.013347 -0.039011
1.0 0.637500 -0.124164 -0.653710 0.038416 -0.019543 -0.019063
1.0 -0.510728 -0.186842 -0.167248 0.013987 -0.038934 0.040466
1.0 0.390188 -0.174820 -0.928776 -0.002470 0.041012 -0.001743
1.0 0.050085 0.941793 0.262996 0.030969 0.025688 0.022917
1.0 0.825106 -0.348658 0.811548 0.003556 -0.044406 -0.004717
1.0 -0.326962 0.753361 0.996731 -0.013549 -0.022834 -0.043723
1.0 0.459522 -0.841479 -0.940793 0.011581 -0.022275 -0.043695
1.0 0.549505 -0.803256 -0.849263 -0.037090 0.011182 -0.009945
1.0 -0.168535 -0.421271 -0.832306 0.011563 -0.003326 0.025779
1.0 -0.917606 0.615125 -0.773228 -0.024268 0.035368 -0.028680
1.0 0.885642 -0.983774 -0.452828 -0.022993 0.030132 0.039349
1.0 0.620800 0.461890 0.326447 -0.036994 0.008882 0.020473
1.0 0.029743 0.932126 0.887271 -0.044080 -0.042537 -0.019706
1.0 0.225329 -0.522627 0.153150 -0.002634 0.043841 0.023020
1.0 -0.602956 0.937026 -0.817343 -0.029881 0.037579 0.037248
1.0 -0.647026 -0.110180 -0.489115 0.024071 -0.017880 -0.026989
1.0 -0.733013 0.879367 0.031229 0.004881 -0.043396 -0.048593
1.0 -0.042796 -0.982722 -0.602955 -0.024530 0.011969 -0.024878
1.0 0.376541 0.831914 0.803076 -0.034232 0.028198 -0.027370
1.0 -0.982539 -0.947742 0.928342 -0.045162 0.035388 0.015830
1.0 -0.355670 -0.352885 0.555596 0.004111 0.046806 0.037316
1.0 0.744032 -0.631459 0.570565 -0.015684 -0.024126 -0.030300
1.0 0.664498 -0.755965 -0.171447 -0.013533 -0.026771 -0.018599
1.0 -0.847800 0.785496 -0.273523 0.009781 0.011284 0.048489
1.0 -0.115003 0.297977 0.125203 -0.044376 -0.021592 0.014492
1.0 0.483658 -0.841520 0.490407 0.022329 -0.047662 -0.033227
1.0 0.033056 -0.748244 0.382136 -0.026000 -0.040292 -0.027029
1.0 0.365220 0.954443 0.276381 -0.043071 0.018679 -0.012595
1.0 0.563866 0.775754 0.544908 0.013941 -0.045375 0.017658
1.0 -0.749064 -0.087535 -0.888435 0.021948 0.017066 -0.007395
1.0 -0.780870 0.229053 -0.971075 0.021451 -0.001215 0.004576
1.0 -0.739666 0.939330 0.157902 -0.030495 0.029400 -0.014037
1.0 0.746919 -0.079875 0.897413 0.042991 0.021804 0.005936
1.0 -0.089452 -0.483770 0.861143 0.012594 -0.038629 -0.049428
1.0 -0.463362 -0.710899 0.506125 0.018599 0.044796 0.034539
1.0 -0.674379 0.829302 0.759422 0.043402 0.010394 -0.038968
1.0 -0.015362 0.753830 0.391923 -0.005464 0.027766 -0.032087
1.0 0.630742 -0.995864 0.380517 -0.044488 0.006155 -0.008749
1.0 0.742601 -0.332002 -0.370422 0.035111 -0.014128 0.033459
1.0 -0.888397 -0.308473 0.595908 0.030439 -0.009252 -0.038480
1.0 0.909214 -0.823339 0.338557 0.020122 -0.004451 -0.024945
1.0 -0.135590 0.984901 -0.720923 0.027411 0.037689 -0.047245
1.0 -0.470184 -0.037634 -0.488092 0.006851 0.040321 0.036926
1.0 0.174144 -0.439473 -0.453643 -0.001016 -0.007327 0.016330
1.0 0.676905 -0.503719 0.767522 0.019957 -0.028824 -0.005765
1.0 0.979748 0.062962 -0.260248 -0.018213 0.035940 0.025582
1.0 -0.516608 0.804435 -0.084424 0.025856 0.008742 0.029156
1.0 0.979786 -0.308405 0.421040 -0.031571 -0.015855 -0.001292
1.0 -0.929867 -0.902641 -0.809628 0.018943 0.032406 0.037438
1.0 0.451709 -0.897307 0.961443 0.000333 -0.004251 0.006201
1.0 -0.821431 0.104560 0.841940 0.044048 -0.038640 0.030708
1.0 -0.429428 0.446537 0.915920 -0.009023 -0.033007 -0.032617
1.0 -0.431292 0.128938 -0.704660 0.009245 0.034942 -0.044273
1.0 -0.224217 -0.703803 -0.471291 0.025185 -0.040911 -0.031307
1.0 -0.515546 -0.910460 0.840290 0.026922 0.037603 0.036312
1.0 0.171879 -0.665553 0.379764 -0.031494 -0.018528 -0.008464
1.0 0.642734 0.753149 -0.643000 0.028617 -0.046687 -0.029474
1.0 -0.923516 -0.802098 0.418495 -0.031007 -0.021828 -0.029801
1.0 0.904159 -0.261172 0.955329 -0.029410 -0.034577 0.049739
1.0 -0.423065 -0.606907 -0.854059 0.010848 0.001103 -0.016859
1.0 0.655891 -0.091924 0.714722 0.030046 0.049098 0.026218
1.0 -0.011490 -0.661845 -0.385814 0.031785 -0.038834 0.033664
1.0 0.804808 -0.946960 -0.546825 0.013758 -0.015092 -0.001921
1.0 -0.463933 -0.860415 0.876349 -0.023407 -0.001760 -0.010489
1.0 -0.199337 -0.252050 0.306626 -0.046235 0.016853 -0.002239
1.0 -0.270526 0.255306 -0.167394 0.038957 -0.008357 -0.036395
1.0 -0.279937 0.397267 0.235259 -0.019227 0.021740 -0.008703
1.0 -0.246110 0.407525 0.443985 -0.022713 0.044130 0.027164
1.0 -0.105929 -0.651061 -0.487174 0.009672 0.024821 0.025731
1.0 0.795435 -0.302015 -0.430686 0.036564 -0.034226 -0.025180
1.0 -0.921468 0.668876 0.877269 -0.030639 0.031964 0.016350
1.0 -0.351505 -0.763620 0.198575 -0.009673 0.045458 0.025177
1.0 -0.808702 -0.548825 0.285879 -0.032095 -0.027875 -0.022953
1.0 -0.053650 0.167251 -0.509672 0.038335 -0.047573 0.049806
1.0 -0.879122 0.051816 -0.712834 -0.003532 0.002468 0.020927
1.0 0.618067 0.930288 -0.490088 -0.002331 0.006799 -0.034779
1.0 0.982999 0.127437 0.875612 -0.010302 0.011705 -0.027668
1.0 0.982736 0.700815 0.830095 0.019743 0.023429 0.007152
1.0 -0.420216 0.341893 0.848701 0.040535 -0.033434 -0.013120
1.0 0.406740 -0.731686 0.170989 -0.005781 -0.035616 -0.011713
1.0 -0.323393 0.965208 -0.755595 -0.019632 0.038553 0.030310
1.0 0.528070 -0.731730 0.938002 -0.032636 0.025183 -0.024392
1.0 -0.975140 0.590203 0.518178 0.032890 0.037032 -0.041539
1.0 -0.559970 -0.870189 0.820760 0.037256 0.012951 0.034409
1.0 0.987594 -0.586670 0.591418 -0.038781 0.026435 -0.001757
1.0 0.034201 0.359773 0.221201 0.011241 0.033964 0.027611
1.0 0.226610 -0.550139 -0.957179 -0.049740 -0.004290 -0.011398
1.0 -0.333468 -0.239074 0.603806 -0.008667 0.004150 -0.015070
1.0 -0.536079 -0.692417 0.183082 -0.034178 -0.014123 -0.021982
1.0 -0.605337 0.692736 0.218273 -0.004936 -0.019754 0.002861
1.0 -0.278251 0.910693 0.382909 0.042613 0.006317 0.022549
1.0 -0.820922 0.999150 0.188168 -0.033125 -0.012479 0.029765
1.0 0.301596 0.354291 0.687124 0.006213 -0.049000 0.028228
1.0 -0.274927 -0.921863 0.957141 0.040162 0.037274 0.046181
1.0 -0.366025 -0.187190 -0.865078 -0.045450 0.045524 0.025932
1.0 -0.451009 0.252430 -0.247759 -0.044935 -0.004526 0.041733
1.0 -0.878844 -0.834958 0.638947 0.038692 -0.006855 0.044095
1.0 0.382413 -0.236308 -0.292299 0.012173 0.005004 0.049067
1.0 -0.660077 0.957692 -0.075236 0.031612 0.038459 -0.009988
1.0 -0.904483 0.386398 0.098249 -0.010553 -0.032044 0.040051
1.0 -0.391086 0.677859 0.725215 0.003787 0.028227 0.039816
1.0 -0.076880 -0.097884 0.126278 -0.025373 0.033880 0.020249
1.0 0.340078 0.553490 -0.827279 0.035746 0.002011 0.005992
1.0 -0.879981 -0.132310 0.952322 -0.005535 -0.022266 0.037546
1.0 0.520590 0.174322 0.973581 -0.033059 0.022411 0.025746
1.0 -0.697752 0.876570 -0.684720 -0.002620 -0.040694 -0.008612
1.0 0.983068 -0.850113 0.866091 -0.034912 0.002898 -0.022909
1.0 -0.627710 0.240695 -0.166292 0.046024 0.021779 0.028653
1.0 0.883727 0.016355 -0.941614 -0.027618 0.018037 0.045909
1.0 -0.679955 -0.923142 0.294671 0.034670 -0.006380 -0.010368
1.0 0.052319 -0.946632 0.940958 0.048508 -0.031277 0.043522
1.0 -0.576928 -0.223090 -0.691615 0.025906 0.019449 -0.013942
1.0 -0.881320 0.572086 -0.673581 0.014661 -0.049243 -0.007983
1.0 -0.557159 -0.490207 0.999140 -0.048190 0.004920 0.031732
1.0 0.245930 -0.857710 -0.401773 -0.046206 -0.049744 0.045645
1.0 -0.684252 -0.415322 -0.247147 -0.030070 0.027001 -0.028464
1.0 0.700824 0.847501 0.011883 0.017202 -0.028908 -0.031817
1.0 -0.340746 0.192146 -0.593411 -0.047780 -0.007792 -0.033799
1.0 -0.484348 0.321626 -0.672615 -0.032619 -0.007533 0.003750
1.0 0.165266 0.414331 0.657189 -0.004847 -0.046891 0.017447
1.0 -0.805055 -0.965049 -0.086246 0.040166 0.016826 -0.001951
1.0 -0.905848 0.987990 0.453459 -0.033421 0.006449 0.015144
1.0 0.731465 0.039553 -0.632675 -0.022252 -0.008309 -0.030161
1.0 0.292864 0.177632 -0.456543 -0.009324 0.018067 -0.011054
1.0 0.720353 0.915030 0.884838 -0.019804 -0.033092 -0.017744
1.0 0.699242 0.660059 -0.658232 0.004838 0.027850 -0.013068
1.0 0.416583 -0.356544 -0.414840 0.023401 -0.012836 -0.015108
1.0 -0.469423 0.972550 -0.439769 0.031782 -0.048721 0.035400
1.0 0.478176 0.608111 -0.385985 0.007133 0.030481 -0.007598
1.0 -0.670782 0.210308 -0.312672 -0.039863 0.001352 -0.006720
1.0 0.416827 -0.287500 -0.996060 0.010720 0.030990 0.002120
1.0 0.030619 0.186754 -0.323660 -0.034569 -0.048152 -0.038938
1.0 -0.411444 0.114992 0.902587 -0.004332 -0.027826 -0.047912
1.0 -0.291812 -0.729049 -0.834161 0.040736 0.029842 0.034445
1.0 -0.051843 0.778389 0.924710 -0.011587 0.007296 -0.032973
1.0 0.978790 -0.414277 -0.735949 0.002977 -0.021359 0.018225
1.0 0.782823 0.278430 0.155971 0.048522 -0.028559 0.019236
1.0 0.239612 0.829393 -0.167071 -0.016834 -0.015711 -0.035932
1.0 -0.725754 -0.683631 0.594740 0.017709 0.026049 -0.039830
1.0 -0.768856 0.406879 -0.906298 0.020685 0.036051 -0.032426
1.0 -0.139959 -0.914206 -0.997745 -0.034668 -0.011206 -0.025940
1.0 0.771780 0.366871 -0.209030 0.012461 0.046306 0.022946
1.0 -0.890551 0.150781 0.509826 -0.007039 -0.043203 0.021332
1.0 -0.747088 0.051935 -0.382672 -0.035004 -0.002318 0.044286
1.0 0.991773 -0.012678 -0.301730 -0.018567 0.007349 0.037009
1.0 0.707902 -0.089199 0.227834 -0.003331 0.026336 0.017543
1.0 0.843638 0.889322 0.665758 0.025398 0.035433 0.011989
1.0 -0.722187 -0.562282 -0.861920 -0.040191 -0.047997 0.032111
1.0 0.014929 -0.476800 0.707545 -0.032095 -0.035151 -0.012831
1.0 -0.094754 -0.563951 -0.563691 -0.038820 0.001063 -0.002915
1.0 0.521184 -0.274654 -0.168287 0.019133 0.044397 0.044102
1.0 -0.066126 -0.575827 -0.059170 0.025119 0.032335 0.044981
1.0 -0.397053 -0.786256 0.064757 0.020809 -0.032014 -0.041445
1.0 -0.392017 -0.064086 -0.404322 0.006368 0.049748 -0.017803
1.0 -0.246962 -0.723021 0.777802 -0.017539 0.015931 -0.045467
1.0 0.168586 0.854601 -0.795759 -0.010838 -0.009060 -0.020530
1.0 0.001834 0.814411 -0.264936 0.009943 -0.010095 0.018133
1.0 0.013655 -0.821775 -0.634700 0.017342 -0.034232 0.003060
1.0 0.620437 0.070118 -0.994528 0.035619 -0.043033 -0.006483
1.0 -0.492460 0.677015 -0.448285 0.016547 -0.027727 -0.049760
1.0 -0.383226 0.117741 -0.229053 -0.003271 -0.040210 0.039692
1.0 0.965127 -0.720425 -0.335475 -0.029074 -0.013724 -0.045489
1.0 -0.011704 -0.709191 -0.389887 -0.027742 0.030353 -0.010074
1.0 -0.254918 -0.289410 0.923793 -0.001824 0.001070 0.038866
1.0 -0.531551 -0.479530 0.300298 -0.017036 -0.026477 -0.031331
1.0 0.256460 -0.179435 0.896424 -0.005709 -0.020422 0.024332
1.0 -0.705835 0.814690 -0.681467 0.017392 -0.040659 -0.023444
1.0 -0.896286 0.824097 -0.210541 -0.027251 0.023221 -0.015103
1.0 0.463422 -0.567470 0.089678 0.014596 0.003013 -0.020517
1.0 0.098896 0.380022 -0.387411 -0.003358 -0.011583 -0.032181
1.0 0.969762 0.097458 0.493998 0.043592 0.026223 0.020819
1.0 -0.820461 -0.776448 -0.059285 -0.027941 0.032154 -0.038571
1.0 0.861585 -0.131628 -0.215257 0.020299 -0.033746 0.036895
1.0 -0.316024 -0.955843 -0.960037 0.001783 0.049363 -0.004640
1.0 -0.055738 -0.594576 -0.636487 -0.012196 -0.026485 -0.037403
1.0 -0.164030 -0.728314 -0.568646 0.042731 -0.005900 0.016660
1.0 -0.211315 0.752969 -0.196295 -0.021372 0.049375 -0.034355
1.0 0.561348 0.797405 -0.875429 -0.047761 0.014532 -0.019826
1.0 -0.993693 0.209080 -0.986584 0.036721 0.004706 -0.016338
1.0 0.584379 -0.573489 -0.841718 -0.012607 0.009971 0.018211
1.0 0.791305 0.254660 0.283015 -0.038302 0.000793 -0.011215
1.0 0.049250 -0.742967 -0.259338 -0.007270 -0.039678 0.012669
1.0 0.126250 0.111832 -0.488048 0.040433 0.009998 -0.017933
1.0 0.551886 -0.182513 -0.689066 0.004991 -0.034666 0.003443
1.0 0.581046 0.094052 0.545323 -0.003879 0.021590 -0.018205
1.0 -0.690237 -0.470732 -0.466084 0.009132 -0.037323 0.000401
1.0 0.349998 -0.857030 -0.887866 0.022101 0.046620 0.004394
1.0 0.012471 0.590675 0.460569 0.024210 0.033495 0.045383
1.0 0.768512 -0.085740 -0.071657 -0.028406 0.049091 0.046734
1.0 -0.540808 -0.972097 -0.445217 0.017554 0.033514 0.012644
1.0 0.858516 0.198300 0.352198 0.040497 -0.000959 0.002449
1.0 -0.069821 0.462883 -0.959220 -0.010924 -0.006791 -0.020546
1.0 -0.297131 -0.028330 -0.336882 0.023929 -0.005505 -0.030659
1.0 0.218992 0.880429 -0.587136 0.024374 0.029227 0.027673
1.0 -0.779832 -0.101994 -0.275387 0.029975 -0.010691 -0.023948
1.0 -0.945945 0.077634 -0.641912 0.046370 0.019998 0.018050
1.0 -0.837309 -0.646281 -0.251688 -0.039787 0.013998 0.004351
1.0 -0.111961 0.466770 0.187185 -0.007019 0.049938 -0.018762
1.0 -0.302556 -0.442094 0.443124 -0.008954 -0.045010 -0.003336
1.0 -0.893153 0.177729 -0.964012 -0.008005 -0.035009 -0.032008
1.0 0.619281 -0.540302 -0.044718 0.027375 0.008275 0.043364
1.0 -0.821770 0.842878 -0.996671 0.023844 -0.019051 -0.022573
1.0 -0.488841 0.631198 0.910210 0.048510 -0.003793 -0.025856
1.0 -0.752301 -0.409694 0.386536 0.004014 0.034604 -0.049120
1.0 -0.177491 -0.130644 0.522397 -0.034344 -0.021199 -0.015661
1.0 -0.821681 0.082004 -0.958109 0.040202 0.022517 0.048897
1.0 0.368597 0.637059 -0.046759 -0.027433 -0.009668 -0.028726
1.0 -0.888262 -0.977220 -0.470049 -0.047023 0.042448 0.027820
1.0 -0.599253 -0.097130 0.341247 -0.015618 -0.002994 0.046750
1.0 -0.205426 -0.164404 -0.922513 -0.041019 0.022006 -0.026280
1.0 -0.738492 -0.542008 -0.439950 -0.001672 0.016745 0.016868
1.0 -0.815219 -0.800060 0.883260 0.024533 -0.033481 -0.015311
1.0 0.777770 0.351751 0.830466 -0.045602 -0.006306 -0.010491
1.0 0.464825 0.065202 0.025042 0.014989 0.035769 -0.039005
1.0 -0.376998 0.712814 -0.021913 0.001875 -0.035433 -0.002251
1.0 -0.635213 -0.032054 0.287943 -0.038742 -0.013989 -0.002317
1.0 -0.768409 0.343283 0.636795 0.028113 -0.005817 -0.023774
1.0 -0.676350 0.825600 -0.981318 0.023398 -0.017621 0.012135
1.0 0.322465 -0.740301 0.342700 0.014378 -0.010859 -0.023107
1.0 -0.519829 0.631203 -0.821857 0.009214 0.016663 -0.000601
1.0 0.914734 0.150461 -0.652003 -0.002389 -0.019531 -0.041445
1.0 -0.105737 0.942468 -0.807174 -0.030276 0.021816 -0.044009
1.0 0.496983 0.273095 0.405681 -0.013131 0.012718 -0.020119
1.0 0.816127 0.870249 0.788756 -0.047135 -0.023068 -0.042891
1.0 -0.589536 0.482528 0.529175 0.003693 0.015552 0.004894
1.0 -0.783805 0.100634 0.171395 0.002775 -0.019280 -0.007369
1.0 -0.331810 0.790098 -0.979444 0.040195 0.021386 0.028157
1.0 0.675387 0.371950 0.479599 0.014789 0.014713 0.031718
1.0 -0.552004 0.730693 0.681772 -0.045043 -0.020726 -0.040613
1.0 0.793414 -0.883955 0.627970 -0.039666 -0.020500 0.030974
1.0 0.683730 0.452960 -0.732192 0.025831 -0.019897 0.013037
1.0 -0.884792 -0.916969 0.029176 -0.021949 -0.046994 0.047063
1.0 -0.156855 0.310457 -0.708581 -0.014233 -0.012520 0.013558
1.0 0.385633 0.204856 -0.900098 0.027322 -0.000032 0.015483
1.0 -0.743519 -0.278255 -0.922673 -0.006620 -0.001930 -0.048531
1.0 0.252380 0.131408 0.799209 0.048373 -0.030947 -0.017290
1.0 -0.260774 0.984411 -0.447749 -0.045384 -0.008928 0.001113
1.0 -0.439358 0.233701 -0.898708 0.033986 -0.004602 -0.010103
1.0 0.760410 0.431080 -0.331945 0.033956 -0.040137 -0.020712
1.0 -0.432268 -0.482527 -0.297430 0.016890 -0.008661 -0.042589
1.0 -0.135480 -0.291433 -0.330951 -0.007421 -0.010143 0.045133
1.0 -0.991729 0.337648 -0.236639 -0.044050 0.033184 0.033028
1.0 -0.532649 -0.326544 -0.969917 -0.006660 -0.013150 0.035564
1.0 0.406004 0.320430 -0.167910 -0.043572 0.020912 -0.002883
1.0 0.353340 0.024279 -0.098191 -0.011006 0.031949 0.045074
1.0 -0.444708 0.998877 0.081416 -0.020562 -0.019888 0.001236
1.0 -0.615323 -0.345727 -0.547317 0.002452 0.012884 0.027107
1.0 0.257243 -0.620401 -0.162535 0.027338 -0.013707 -0.012607
1.0 0.846830 0.217482 -0.785174 0.017851 -0.015231 0.035447
1.0 0.824220 -0.487277 0.168063 0.014389 0.046306 0.049904
1.0 -0.451978 -0.402948 -0.730700 -0.011563 -0.036116 -0.025919
1.0 0.857828 -0.102979 -0.216148 -0.015651 -0.008585 0.031310
1.0 -0.806760 0.310852 0.461091 -0.041849 0.002884 -0.009978
1.0 -0.061930 -0.479268 -0.189390 -0.018905 0.005629 0.029985
1.0 0.098174 -0.199245 -0.181855 -0.004675 0.049186 -0.041883
1.0 0.296352 0.001512 -0.707111 0.013870 0.005151 0.021806
1.0 -0.229808 0.179953 -0.531892 -0.032040 0.016162 -0.034344
1.0 0.120284 0.749978 0.336132 0.044457 0.032232 -0.037520
1.0 0.738703 0.032465 -0.659902 0.026852 0.028165 0.024582
1.0 0.742056 0.586328 -0.773712 -0.038148 0.032967 -0.026027
1.0 -0.804982 -0.505126 0.794449 0.033138 0.012539 -0.027367
1.0 0.772240 -0.327810 0.308882 -0.015819 0.007904 0.032883
1.0 -0.169473 -0.522956 -0.124555 -0.024569 0.016337 0.017699
1.0 -0.605800 0.959446 0.683724 0.015710 0.029222 -0.041197
1.0 0.653434 -0.621290 0.936146 -0.010899 -0.014782 -0.029385
1.0 -0.725862 0.209185 -0.173225 0.015006 -0.012791 -0.025517
1.0 0.237855 -0.059673 -0.622484 0.030751 0.033420 -0.036123
1.0 -0.985858 0.284141 0.934411 0.008034 -0.022880 0.013459
1.0 -0.886161 -0.793876 -0.711819 0.039053 0.027651 0.047515
1.0 0.385864 -0.836613 0.687949 0.033006 0.016183 0.038400
1.0 0.152516 0.674415 0.124487 0.046442 0.015607 0.043025
1.0 -0.872309 0.623585 0.304820 0.021388 0.020136 0.033506
1.0 0.698772 -0.859667 0.145744 0.004692 0.006369 0.008614
1.0 -0.864962 -0.307660 0.501535 0.046174 0.021909 -0.024776
1.0 -0.494548 -0.815037 0.186313 0.020987 0.039320 0.007831
1.0 0.209213 0.080392 -0.265239 -0.048493 -0.035237 0.035334
1.0 -0.481708 -0.882672 -0.841167 0.032556 -0.019248 0.035611
1.0 0.105830 0.319354 -0.085734 0.034129 -0.040047 0.019299
1.0 -0.393093 0.660949 -0.709617 0.034783 -0.031826 -0.033233
1.0 -0.998457 -0.738878 -0.428690 0.017562 -0.030470 -0.035858
1.0 0.758946 -0.011765 -0.079813 -0.027439 -0.007240 -0.006476
1.0 -0.798218 0.884643 -0.621105 -0.018891 -0.048873 0.028506
1.0 0.364482 0.121823 0.504781 0.013579 0.041189 0.016807
1.0 0.364359 -0.829407 0.037471 0.031690 0.016025 0.032479
1.0 -0.462744 -0.732775 0.693964 0.001754 0.010059 0.028250
1.0 -0.985278 -0.030753 -0.970581 -0.039490 0.019765 0.041507
1.0 0.786532 -0.554860 0.602645 0.043365 0.013969 -0.026361
1.0 0.287837 -0.835120 -0.930357 0.019906 -0.045898 0.015579
1.0 0.326589 0.640320 -0.029971 -0.018275 -0.021853 -0.041839
1.0 -0.677365 0.933204 -0.258925 0.007573 -0.048385 0.030672
1.0 -0.037349 -0.429474 -0.408522 -0.049726 0.033396 -0.002940
1.0 -0.130963 0.827317 0.748079 -0.043837 -0.026241 0.004991
1.0 -0.820957 -0.179655 0.650998 0.029326 -0.049958 0.023364
1.0 0.243538 0.519169 -0.492443 0.033523 -0.026758 0.022641
1.0 0.962877 0.751379 -0.498164 -0.019928 -0.019304 0.013498
1.0 0.035880 0.253797 -0.273245 -0.024957 0.024949 0.036298
1.0 -0.320449 0.363448 0.302125 0.042160 0.044493 0.026813
1.0 -0.327658 -0.546597 -0.908916 0.003209 0.025051 0.010298
1.0 -0.598819 0.258341 -0.733738 0.035737 -0.017368 -0.045503
1.0 -0.387727 -0.330340 -0.453586 0.005409 -0.006542 -0.002126
1.0 0.777629 0.398690 -0.868364 -0.018135 -0.031981 -0.016492
1.0 0.608137 -0.297017 -0.859740 -0.014804 -0.008366 0.028168
1.0 -0.004439 -0.885922 -0.203676 0.043525 -0.009623 -0.048731
1.0 0.566716 0.251302 -0.305280 -0.014950 -0.041698 0.049299
1.0 -0.679339 -0.581907 0.016986 0.010634 -0.025660 0.041453
1.0 -0.941199 -0.762620 -0.560940 -0.041970 0.000535 0.040337
1.0 0.239584 -0.084237 -0.645631 -0.032850 -0.027117 0.047494
1.0 -0.088517 0.416120 0.889198 -0.009354 0.006251 -0.042885
1.0 0.530402 -0.549653 -0.525181 0.022233 -0.015417 -0.043428
1.0 -0.213546 0.611899 0.378513 0.028487 -0.027713 0.016714
1.0 0.315819 0.770211 -0.106118 -0.023164 0.027128 0.047212
1.0 -0.352430 0.664025 0.708153 0.042106 -0.018468 0.013734
1.0 -0.538606 0.003324 -0.918733 -0.027370 0.030285 0.008706
1.0 -0.691137 0.691805 -0.650216 0.024083 -0.043923 -0.006454
1.0 0.128142 0.723685 -0.601156 0.007451 0.042860 0.028827
1.0 -0.427725 -0.799590 -0.381968 -0.006218 -0.030363 0.032296
1.0 0.871085 0.268276 0.410746 0.038986 0.039704 0.046105
1.0 0.893913 0.799711 0.615521 0.043031 -0.029549 0.013287
1.0 0.533419 -0.892447 0.148951 0.028437 -0.039264 -0.033622
1.0 -0.260972 0.522697 -0.213067 -0.015091 0.033968 -0.040780
1.0 0.287761 -0.470709 -0.963548 -0.032755 0.000920 -0.049549
1.0 -0.826123 0.579944 0.904022 0.017649 0.008760 -0.014975
1.0 -0.126042 -0.929418 -0.713766 0.018249 -0.007285 0.040410
1.0 -0.158371 -0.668253 0.351871 -0.047057 0.010446 -0.014042
1.0 0.045064 0.734084 -0.816275 -0.025015 -0.018774 0.039511
1.0 -0.804995 -0.298655 -0.667105 -0.042035 0.036951 0.026235
1.0 0.564368 0.427203 0.278822 -0.024400 -0.038532 -0.037555
1.0 -0.245817 -0.341098 0.182788 0.004875 -0.036680 0.030483
1.0 0.685632 -0.990953 0.758783 -0.041782 0.012429 0.042186
1.0 0.065870 -0.629817 -0.406914 -0.025935 0.027896 -0.005408
1.0 -0.474376 -0.699685 -0.813530 0.022887 -0.026463 0.036888
1.0 0.767846 -0.677193 0.906692 -0.038326 0.010533 0.047416
1.0 -0.117993 -0.950237 0.546056 -0.013188 0.025934 -0.043396
1.0 0.407793 -0.140539 0.229518 0.041498 0.000806 -0.030537
1.0 -0.304880 -0.680266 0.718893 -0.040809 0.003536 -0.008122
1.0 -0.978525 -0.269364 0.719356 0.018150 -0.008682 0.047547
1.0 0.919078 -0.636995 0.718425 -0.037204 -0.018112 0.033928
1.0 -0.020398 0.242316 0.497734 -0.031748 0.048089 -0.000962
1.0 -0.331622 0.259605 0.463728 -0.005258 0.040765 -0.036391
1.0 -0.526783 -0.910230 0.436163 -0.023071 -0.021103 0.023344
1.0 0.655980 -0.367699 0.455348 -0.017945 0.014438 0.002487
1.0 0.876961 0.699682 0.831566 0.045588 0.021124 0.048172
1.0 -0.045823 -0.729339 0.703046 -0.042062 -0.000799 -0.020521
1.0 0.203564 -0.360840 -0.682276 0.027944 -0.044984 -0.049440
1.0 -0.199435 0.047251 -0.987115 -0.006618 0.012403 -0.036813
1.0 0.332266 -0.931145 0.072638 -0.040550 -0.014350 -0.036589
1.0 -0.428373 -0.511549 0.681716 0.002857 -0.043657 0.012592
1.0 0.219193 0.790420 0.853793 -0.029094 -0.006469 -0.010150
1.0 0.912764 0.076615 0.862847 0.026841 0.017880 0.047344
1.0 0.334673 0.095952 0.688517 -0.024857 0.037603 0.015352
1.0 0.974164 -0.333785 -0.250572 0.000607 -0.045373 -0.030572
1.0 0.938077 0.456925 -0.057402 -0.007604 -0.002495 0.022414
1.0 -0.072577 -0.580892 -0.420954 0.002605 -0.035856 0.010040
1.0 0.681154 -0.710764 0.731298 -0.048357 0.025827 -0.016682
1.0 0.362530 -0.909417 0.470923 0.028333 -0.022176 0.006918
1.0 -0.688005 -0.075056 0.735599 0.033459 -0.001239 0.038975
1.0 0.678020 0.285555 -0.500871 0.038881 0.004426 0.039486
1.0 -0.675247 -0.133060 0.292273 0.045586 0.048259 0.016030
1.0 0.521512 -0.272118 -0.929793 -0.037051 -0.049113 -0.021134
1.0 0.034374 -0.835652 -0.850336 -0.043502 -0.005954 -0.044169
1.0 0.839211 -0.820392 0.278939 -0.043470 0.047344 -0.041102
1.0 -0.173280 -0.457016 -0.959966 0.043443 0.037988 0.024398
1.0 0.699044 -0.850004 -0.771888 -0.016020 0.017731 0.021018
1.0 0.639313 -0.984210 0.014743 -0.024738 -0.010766 0.033258
1.0 0.812669 0.746798 0.731041 0.039641 0.030395 0.049828
1.0 0.780039 0.929292 0.644835 -0.018827 -0.022718 0.000276
1.0 0.690724 -0.381315 0.986950 0.036493 0.007213 -0.032777
1.0 -0.772463 0.729903 0.678545 -0.037435 -0.018755 0.043870
1.0 -0.267043 0.367016 0.383388 0.042779 0.032081 0.000872
1.0 0.059952 0.371096 0.550184 0.014122 -0.047735 -0.008220
1.0 0.642780 0.326255 0.911386 0.034701 -0.046943 0.008490
1.0 0.251331 0.705008 0.115845 -0.024131 0.013984 0.019731
1.0 -0.193740 0.192135 -0.605889 0.023500 -0.009633 0.040047
1.0 0.572288 -0.170323 -0.114081 -0.029032 0.040265 -0.048952
1.0 0.741921 0.600175 -0.208476 0.018975 -0.022449 0.015514
1.0 -0.589907 -0.665870 -0.787630 -0.049926 -0.019377 0.036910
1.0 0.913762 0.269883 -0.397536 0.029625 -0.038669 0.026815
1.0 0.394542 0.990531 -0.314135 0.022710 -0.008294 -0.003124
1.0 0.267828 -0.344972 0.766353 -0.046049 -0.030493 0.043492
1.0 0.835202 -0.800105 0.957343 -0.011806 -0.006614 -0.017105
1.0 -0.757225 -0.818132 0.162703 -0.047654 -0.000114 -0.028959
1.0 0.089194 0.393667 -0.472396 -0.008227 0.004117 0.031332
1.0 -0.553800 0.098749 0.208096 0.008758 0.021762 0.030872
1.0 -0.387500 -0.631731 0.757773 0.022596 -0.036561 -0.043546
1.0 -0.499745 0.062701 -0.662173 0.000456 -0.047644 0.001751
1.0 -0.766365 0.756164 0.158432 0.034096 -0.006321 -0.045606
1.0 -0.040997 -0.269788 0.966555 0.010239 -0.001010 0.040123
1.0 -0.327606 0.021139 -0.536808 0.041282 -0.031847 0.031146
1.0 -0.318655 0.579311 0.135825 -0.025201 0.038226 0.003845
1.0 -0.603961 0.898926 -0.962104 0.040877 0.022292 0.018849
1.0 0.989622 -0.339573 -0.073573 0.025358 0.040473 0.035391
1.0 0.315412 -0.378286 -0.121953 -0.048654 0.044813 -0.013092
1.0 0.048038 -0.722506 -0.597886 0.045407 0.024534 -0.018139
1.0 -0.601942 -0.810363 -0.911182 0.037895 0.005356 -0.035167
1.0 -0.900411 -0.124220 0.514077 -0.004776 -0.011851 0.041456
1.0 -0.581466 -0.614774 0.749171 -0.027499 -0.045262 0.012435
1.0 -0.768860 0.352123 -0.285406 -0.047460 0.027216 -0.007439
1.0 -0.932743 0.731422 0.653557 0.042595 0.006045 0.032285
1.0 0.283585 -0.785762 0.026124 -0.007878 0.032169 0.000210
1.0 0.511478 0.431258 -0.995649 -0.043339 -0.048675 0.029194
1.0 0.091734 -0.401168 0.949043 -0.005994 -0.012440 0.037467
1.0 -0.192431 0.903447 0.079682 -0.004219 -0.017565 -0.003493
1.0 0.780168 -0.229863 -0.451392 -0.046324 0.025530 -0.016811
1.0 0.087360 -0.734926 0.142175 -0.049151 -0.015487 0.047199
1.0 0.634345 0.271633 0.640382 0.001241 0.043592 0.001242
1.0 0.662895 0.936060 -0.305714 0.042003 -0.019580 -0.033234
1.0 0.174177 -0.353232 0.435014 0.021932 -0.029171 0.020089
1.0 0.876334 -0.150513 -0.616012 -0.014169 0.046230 -0.019869
1.0 -0.535527 0.195004 0.237024 -0.033167 -0.038549 -0.016687
1.0 0.681724 -0.142245 0.585189 -0.019017 0.039355 0.000142
1.0 -0.826525 -0.594398 0.825141 0.046444 -0.039532 -0.004045
1.0 0.273313 0.947439 0.030910 -0.048502 -0.041107 0.001175
1.0 -0.825401 0.463764 0.051249 0.021050 0.032945 -0.043096
1.0 -0.129427 -0.942355 -0.666612 0.032814 -0.014060 -0.045661
1.0 0.986444 -0.214152 0.813232 0.029856 0.030139 -0.043240
1.0 -0.877656 0.490120 0.193931 -0.039526 0.037612 -0.000967
1.0 0.158940 0.822311 0.884479 -0.002001 -0.048660 0.017412
1.0 -0.392830 -0.194277 0.458043 0.027303 -0.016599 0.025543
1.0 -0.539373 0.889824 -0.819214 -0.017579 0.043677 0.048694
1.0 -0.178166 0.451969 0.503515 -0.004344 0.012574 -0.002131
1.0 -0.528783 0.529655 0.566714 0.024297 0.000147 0.001187
1.0 0.759069 0.867324 0.747299 0.009214 0.037276 -0.049000
1.0 0.209216 0.220412 0.465787 -0.029321 0.001031 0.025732
1.0 -0.320130 -0.560462 -0.398568 -0.043396 -0.005753 0.048764
1.0 0.420915 0.713863 0.312872 0.016560 0.028865 0.014148
1.0 -0.801279 -0.337884 0.124772 -0.011022 -0.025298 0.012654
1.0 -0.895065 0.623364 -0.332423 0.040294 -0.026169 -0.038256
1.0 -0.131040 -0.758147 -0.906042 -0.029140 0.047446 0.030583
1.0 -0.464525 -0.460222 -0.215956 0.049859 -0.037327 0.003255
1.0 -0.595682 -0.892248 0.809473 -0.025474 0.029297 0.000355
1.0 0.710370 0.267024 -0.931458 0.048160 -0.045191 -0.009792
1.0 0.397959 -0.787505 -0.298955 0.044413 -0.031585 -0.008458
1.0 0.909902 -0.277326 -0.495685 0.015291 0.048867 -0.029411
1.0 -0.518164 0.760265 -0.581460 0.042207 -0.032319 -0.025749
1.0 -0.740666 0.688201 -0.850080 0.041705 -0.012707 0.049370
1.0 0.730707 -0.226799 0.124284 0.026379 -0.000232 -0.013950
1.0 -0.858633 -0.957421 0.834842 -0.024333 -0.013003 0.004523
1.0 -0.096567 -0.864856 0.561500 0.013242 -0.035264 0.045272
1.0 0.028379 -0.782547 0.991063 0.045519 0.002835 0.017307
1.0 0.112975 0.000388 -0.775652 0.039337 0.022777 -0.049643
1.0 0.369874 -0.145139 0.956898 -0.001886 -0.030685 0.015593
1.0 -0.350382 0.720366 -0.957334 0.031029 -0.018461 0.030865
1.0 -0.574225 0.454026 -0.998383 0.034737 0.001558 0.032983
1.0 0.270103 0.915646 0.331227 -0.017369 0.027804 0.015703
1.0 0.844368 0.218229 0.254466 0.009664 0.018912 -0.026649
1.0 -0.600305 0.706172 0.261251 0.038096 -0.013350 -0.049663
1.0 -0.927258 -0.422191 -0.159483 -0.007115 -0.026861 -0.002756
1.0 -0.974700 -0.322182 0.177025 -0.034587 0.024232 0.024943
1.0 0.130188 -0.236853 0.834195 -0.039783 -0.022234 -0.036942
1.0 -0.470959 0.514254 0.672700 0.036262 -0.044805 -0.036921
1.0 -0.476800 -0.993990 -0.930935 0.011135 0.015783 -0.018284
1.0 0.006793 -0.826150 0.363644 -0.001666 -0.002722 0.042999
1.0 0.639622 0.677379 0.248454 -0.036668 -0.032116 0.009455
1.0 0.455945 -0.134253 0.060514 0.029510 0.005793 -0.007915
1.0 0.863543 -0.187229 0.414060 -0.035427 0.047723 -0.033236
1.0 0.250920 -0.794155 0.995347 -0.035467 0.023165 -0.017147
1.0 -0.169438 -0.280573 -0.387599 -0.002203 0.002327 -0.002365
1.0 -0.503735 0.851570 0.939262 -0.012743 -0.005135 0.048266
1.0 -0.943107 -0.570840 -0.156300 0.023031 0.010241 -0.017892
1.0 0.478386 -0.824697 0.724878 -0.031311 0.026295 -0.038810
1.0 -0.949697 0.712330 0.989514 0.042023 -0.016878 -0.042144
1.0 0.559650 0.149143 -0.972811 -0.038013 0.007129 0.046551
1.0 -0.309588 0.989496 -0.618861 0.039688 -0.032357 -0.002528
1.0 -0.251428 0.404726 0.670297 0.021768 0.001030 -0.034988
1.0 -0.112531 -0.318270 -0.800127 0.044443 0.035151 0.012061
1.0 -0.246787 -0.987558 0.566583 0.048152 -0.045324 -0.043047
1.0 0.598999 0.700342 -0.367604 0.016540 -0.034208 -0.028695
1.0 -0.743382 0.967820 0.928657 -0.024958 0.038153 0.008079
1.0 -0.328843 0.973991 0.398610 -0.040271 -0.031930 0.049752
1.0 0.617454 -0.135241 0.449480 0.009870 -0.033505 0.019416
1.0 0.406044 0.913805 0.647719 0.028834 0.041103 0.001217
1.0 0.918544 -0.016118 -0.150863 0.018020 0.020446 -0.048119
1.0 -0.232779 0.173053 0.621901 0.003417 0.045896 0.000134
1.0 0.819964 -0.599809 0.310186 -0.037939 -0.047047 0.021140
1.0 -0.399506 -0.641396 0.795825 -0.033850 0.007774 -0.036821
1.0 -0.741805 -0.468954 -0.343747 -0.008659 0.006922 -0.041522
1.0 0.052809 -0.321388 0.785018 0.026738 -0.018060 0.036459
1.0 0.078379 -0.039000 0.047099 0.016480 0.012190 0.034234
1.0 0.021005 -0.319662 -0.114152 -0.026749 0.040179 0.027731
1.0 -0.084000 0.210100 -0.552485 -0.025970 0.043569 0.010538
1.0 -0.187064 -0.786681 -0.720744 -0.006056 -0.044699 0.037617
1.0 -0.427937 -0.538832 -0.232641 0.006161 -0.030443 0.016409
1.0 0.547640 -0.479238 0.552233 0.013174 -0.042614 0.038266
1.0 -0.228983 0.727437 0.345967 0.036243 -0.034019 0.001883
1.0 0.961861 0.471250 0.117202 0.020845 0.046023 0.036440
1.0 0.532191 0.647582 0.658479 -0.012469 0.016111 0.045798
1.0 -0.361177 -0.927522 0.957212 -0.006708 0.001517 -0.042677
1.0 0.367029 -0.729406 -0.696362 -0.037862 -0.018575 -0.040369
1.0 -0.924230 -0.714040 -0.800658 0.004070 -0.011623 0.008140
1.0 -0.604642 0.968996 -0.136740 0.045224 0.037513 -0.020188
1.0 0.852790 0.326700 -0.287495 -0.011699 -0.036154 -0.045610
1.0 -0.602198 0.662339 0.630350 -0.007498 -0.004329 0.003371
1.0 0.859489 0.519497 0.664956 -0.035043 -0.014885 -0.015489
1.0 -0.958440 0.774961 0.189146 0.037384 -0.003746 -0.002496
1.0 0.676201 0.094384 0.495976 0.036323 -0.040042 -0.015916
1.0 -0.000493 0.896996 0.165561 -0.033910 0.033622 0.010483
1.0 -0.541539 -0.556410 -0.584464 0.014249 0.007706 0.002481
1.0 -0.350736 -0.159968 0.331421 -0.029556 -0.034052 0.031630
1.0 0.910425 0.927360 0.120584 -0.045648 -0.047890 0.009304
1.0 -0.031368 0.974028 0.516909 -0.023060 0.012347 0.024169
1.0 -0.147866 -0.137778 0.870565 0.000859 -0.013692 -0.001035
1.0 -0.079943 0.270659 0.487885 0.010351 0.040542 -0.005356
1.0 -0.018656 0.664432 -0.287703 0.030175 0.010010 0.039038
1.0 -0.285402 0.850895 -0.368417 0.001626 0.025246 -0.029212
1.0 -0.877876 0.940063 -0.170458 -0.026128 -0.036410 -0.021388
1.0 0.828119 0.062476 -0.805949 -0.042661 0.002392 -0.035698
1.0 -0.142970 -0.368769 -0.982720 -0.024481 -0.017856 0.009577
